camera_matrix:
- - 645.8250965376241
  - 0.0
  - 328.229941485915
- - 0.0
  - 645.5708965112896
  - 238.90033764559274
- - 0.0
  - 0.0
  - 1.0
dist_coeff:
- - 0.06349557284615094
  - -0.24404903359072005
  - -0.002939223043741233
  - -0.0018119975750623542
  - 0.394073363845219
